1000507539665104897
1001161285994676226
1001516854341505024
1001824999496404992
1001880290166439936
1001904740257550339
1001929790029553670
1002984414622748673
1003321303028428800
1003347116675104769
1003478279490363393
1003613509832278016
1003652179675136001
1003693142007091200
1003817212283686914
1003935966443311104
1004441995681468416
1005965433239949312
1006256763014995973
1006268705263800320
1006285198164717568
1006298676950654986
1006520863661985794
1006685070965575680
1006691477471125504
1006992933890023424
1007666819061174273
1008519430631034881
1008920070893047808
1008946607641907200
1009271740571283456
1009475001509203971
1009519971423043584
1010079699479871490
1010240159642578944
1011377618980139009
1011703318752657408
1012038043816153090
1012429065981054977
1012774091944812545
1013511444783140865
1013865471614111744
1013883582664855552
1013897659499728896
1014183979618988032
1014451832557535232
1014522790505058304
1014914558031376385
1014921299213344768
1015039437393223680
1015312217569480706
1015718409626161152
1016701635484057600
1016764092118269952
1016838837279035393
1017074807635136512
1017141762547167232
1017357644313423873
1017441792596299776
1017552101814173696
1017605626904698880
1017623664123109377
1017651742777856000
1017801791558152192
1017857271999578112
1017903696401727489
1018110911482138624
1018150375155617792
1018731670474670080
1019209625248370688
1019236351760269312
1020019959596965888
1020390339235012608
1020629781753270272
1020764684868349959
1022292630951092225
1022631905089466369
1023480297902370819
1023613348317810688
1023707279487655938
1024216954683490304
1024291542666756096
1025043000471302144
1025233186014412800
1025460729032237056
1025503513026195457
1028287672849244160
1028488930780315649
1028819442099269632
1029181667296985088
1030550049888120833
1030583248114642946
1031301138006659073
1031364823966085120
1031533689388376064
1031646577503424512
1031664257253826560
103195046920204288
1031967172401225728
1032152165467521024
1032339281988276224
1032341024813662208
1032454030365261825
1032827658281857025
1033010780352929792
1033578911697784832
1033699646676328450
1033900957954965504
1034165534131212289
1035653429681631232
1037075067090296832
1037520671331340288
1039294149667770368
1039564040249458688
1039706681670660096
1040297065916653569
1040356386293465088
1040707430072705025
1041417370617741312
1042111571693129728
1043183150216765440
1043313489647788033
1044044609536630784
1044309743181778946
1045907408474664961
1046750567647842304
1046981260260855817
1048711036067618816
1049011141207347202
1049615673482194945
1049755320501903360
1049777148611817472
1049887962723479553
1051866645390606336
1051904634795814912
1052394521387028480
1052623207839277056
1052934698312323074
1053017921792946176
1053285828892463109
1053397631223939073
1055524171764129793
1057094474227240960
1058125138233843719
1058450348291969024
1059941051912347654
1059998368150274051
1060100699466485761
1060323496461590529
1060388732350726145
1060389337521643520
1061091401251745792
1062538244544495617
1062696852112531456
1063098528975740928
1063533815631659008
1064603805319380992
1065407753139748864
1065721461740986368
1065782779290505218
1066102146230362113
1066134272862507008
1066178407405301760
1067310214259499008
1067479527704666113
1067784201318137857
1070165183564255232
1070337836732305408
1070995854272675840
1071439571777409026
1071510279895347201
1071531845576142849
1072304627595599872
1072675636790083584
1072883802136039425
1073690674510422017
1073733159655632897
1075455284963917829
1075687062240677889
1076200218108997632
1076296547644583936
1076353573758386176
1076458808703180800
1076663917743464455
1077333828555890688
1077335233534423040
1077409320541872129
1078553842898235393
1079132458698842114
1080168956659466241
1080610778863099906
1080665226410889217
1080940452600258560
1081319980497547265
1082481250944741376
1082688913490280448
1082854869206093824
1082999681112858624
1083030582291058689
1083061045420281856
1083246093217935361
1083447026321260544
1084293210497785856
1084348733817384960
1084537059337891845
1084596547415871488
1084633066067259392
1084643636489449472
1084661289903841280
1085280373368606720
1086733210233569280
1087014015002443777
1087097379751288833
1087143660389466112
1087335140152492032
1087521397188964352
1088186327726731265
1088618347208560640
1089534929610915840
1090366478535278602
1090400620123770886
1090425465809104901
1091104164023857152
1091441228355375104
1091736259100319751
1091806542633074693
1092340085742276610
1093886405300940800
1095375848134270977
1095996361764270080
1096215011184144385
1096221209010683904
1096976292300378112
1098015581884870656
1100075398887600130
1101104272639492101
1101767340352516096
1102810862815862784
1103442178787999745
1104191352340955136
1105258710161653761
1105455525074997249
1105577845642878976
1105952972066959363
1106106139375095808
1106168024732704768
1106222609534992384
1106233479937908742
1106246974951563264
1106353356090548230
1106556937318088705
1106911249168773121
1108030277547364352
1108102037072433153
1108442364899717121
1108543516227985408
1110630898817531904
1111190076426457088
1112019556787118080
1113942729933848576
1113979302914211840
1114579952991723521
1114630784990625792
1115997333496451073
1116401071776256000
1117132317640802307
1118621889822429185
1118896869734617088
1118898154638675968
1118949283255005184
1119040658419773440
1119058135107473408
1119668833902415872
1119775428191723521
1120376944061583360
1120444666036486144
1120506927631433730
1120931789252390912
1121235581135196160
1121439800584802310
1121981727797157888
1122933807353610242
1123189486211469314
1123222105385000961
1123298107373105152
1123346927519559680
1125566581897957376
1125635535542804480
1125736720
1126695591025602561
1127329954155442176
1127963164849655808
1129956552188813312
1129971978327216128
1130163111468687366
1131550049920536576
1137211118449938432
1139855703785426946
1140200486462722048
1142799107666448385
1142842921277960197
1143280089133699072
1143312170312015873
1143508855315468288
1143594317954670592
1144455043480817664
1145827434719260673
1147873756901191680
1147898217478180864
1147946319862030338
1148217076441591808
1149028915899330560
1150921816455573505
1150964043718508544
1152074356593266690
1152227602532360192
1153142124017147905
1153780921608183808
1155175985186136064
1155490752237101056
1155528692677976070
1158045307562856448
1158504416565223425
1158528892841467904
1159114818814537729
1160572377132126213
1161353495775272960
1161749959101812736
1162059800022306824
1165375820300349440
1165659110013976577
1168226772057546753
1170764345812357122
1171264135578996736
1171519055552860160
1172919286752432128
1173133451668729856
1173393740691582977
1173581080957530112
1173613587052617728
1173643114000437248
1173696996516888577
1174360934237855749
1176475221689274368
1179046435737800705
1179947212698206209
1180291618550755329
1180960593567727616
1181773495165947904
1182047291084959744
1185958737875390464
1186084130116771840
1186675307358457857
1186995263807864832
1187113234714841088
1187526674008686592
1188805278621413376
1189698031483965440
1191406812853129217
1191733943781003267
1191856191569313792
1193903792334524416
1194303665953280001
1196551284914098177
1197522995943788545
1197578895697969152
1197603300427714560
1197634950536794112
1197712279443259392
1197923319879745542
1199492759884681216
1200177630793863169
1200483435602731011
1200513509869543424
1200515100651773959
1200548126504804352
1202354525329338369
1202753209502072832
1205229773171109893
1205902608667299840
1206685008255225857
1207216555165016064
1207326872230670336
1207454443664330752
1207468526258270209
1207481625480708098
1207481908201803777
1207494481492221952
1208167182951239682
1208339200443113472
1208497177057587200
1210271698899132417
1210386089246154752
1210420190317600768
1211631845839949825
1211711827845025804
1211871548816187392
1212138440315359232
1213227590267363330
1214143485281882112
1214264659383062530
1214268546253033474
1214309411637739520
1216170133514792966
1218281779733266432
1218339538021408768
1218429351517196288
1219575123742728192
1219730782496993281
1219939120996343809
1220035569914458113
1220104068892327937
1221851332958535680
1221881862244749315
1222531875262074880
1222547417515511809
1222658083698155520
1222671784635518976
1222930624610291713
1224314158025527296
1224397204766412800
1227632928236195841
1227722925102354432
1231942056953729025
1231953703747432448
1232137286868856833
1233086829039144960
1233152148545982464
1233870486670495745
1233950408097193984
1235359816236838912
1237036386886303744
1237043496227409920
1237054627603873796
1237756028810297344
1237818171446513666
1239185697271136259
1239538676968742912
1239577067513098240
1239932974050795521
1239991921910730754
1240089341864493057
1240266026014650369
1240293295328296961
1240687424377720835
1242124476671651843
1242751811594878976
1243200634137935872
1246165131232452610
1246836521962856448
1248238519551754240
1249798306454212610
1251103369428680705
1251580548759224320
1252692434007412737
1255226565312557063
1255263066868133893
1255574173197275136
1259181086132895744
1260022115618615301
1262956956320497664
1264411831323570178
1264681543320166401
1266007690985312256
126780301211992064
1267861765070688261
1268590075786326017
1268704153934716928
1271267475963838467
1275817084547731456
1275990670663012352
1276320399165284352
1278421408020942855
1278881963307266048
127935707758080000
1281338197230919680
1283406925821026307
1284292676083474437
1284300529393434624
1289052525304455168
1289555120603234308
1291814278601768961
1298817413895553024
1300456741491167232
1301521850552315904
1301535382119604226
1301644102224707585
1305116194505138177
1307453788815536135
1309532915110260737
1310287396408299521
1311596481824976898
1313144345797763074
1313146396598509575
1313287855213600768
1314551373388804096
1318154278532452352
1318263844209381377
1318275865978036225
1318315019021537280
1324678570002841600
1324817801903804416
1324897299529609222
1325498874090442753
1325513001542234112
1326998703685705734
1328110898393665536
1330497605428711425
1331250674559049730
1331625498540126212
1334826853861830659
1334964560382537729
1335016292881928196
1336409980346327040
1338230609211232258
1339375850609909761
1340435792397787137
1342190814672392192
1344456254316564484
1345050273035804674
1345388882146316288
1345874002456166400
134787490526658561
1349156027309182978
1349770620779814913
1350843941323735040
1352319386007330817
1353022643566489601
1354496309919674374
1354548730859499526
1354562663053991947
1354607297994092544
1356083892718104584
1357718112599240706
1357732002921873410
1357839400541982721
1359154678727073796
1362131837057970177
1363002431810899968
1363557945267617797
1365826972346064899
1365843319457275906
1367168369808580610
1367188407512756228
1367488516574371847
1367578845457444869
1369858863948791810
1370327066063863808
1370446780542910474
1372003384732045316
1373449256368009220
1378750749597917187
1379798729901887491
1382973774941859843
1386059199336046596
1386062176432148487
1386205749668323331
1387113304959504384
1387523254294745090
1387830788792754177
1388209346648084483
1389143790984773632
1389287494437511173
1390358265658232837
1390430448057307142
1391195422673145856
1391940076913971201
1392227234858115078
1394088233835900931
1394556650334339074
1395126688543961089
1396523110841692174
1397297130046464005
1397333127152902148
1399864728059588609
1400553801321381889
1400559430601777153
1400587967371137024
1401026078316056578
1402790665658900480
1405641119833247749
1405653227912241158
1407492626778144769
1407551011825324038
1407831740630982658
1409169222698082311
1409857730656022529
1412427832718880771
1412807214834847749
1413485785978970112
1416501462562115586
1418085145907761153
1419134846866231298
1420560586136592384
1420568274799050755
1421616327400345600
1421829532525514754
1423725029892792321
1424381913800839170
1424434478483533826
1425145264310980611
1425195319365496833
1425267281202909184
1425279024943747074
1425563276914667536
1425831118184587265
1425917850452074497
1429200338305835009
1430169228204781579
1430954697003839495
1431758496756862980
1432311986788913152
1435565817261920259
1436079500584960006
1437532566945341441
1437589483931713536
1437948281884233731
1440021745881210883
1440443307826376714
1442957582436638721
1444367077767192576
1448394032535715847
1448719154366730241
1451308342031183872
1451599236701868035
1454106606853976064
1454134186416222218
1455890581734010886
1456047407817449474
1457066177751130118
1460404986542649345
1462476304788381705
1462627133524750337
1462954139269451779
1467240407926988806
1467466318018498562
1468010141249380354
1469298453914304513
1469340569587568645
1470547171078389762
1473315181199605762
1476295252323545089
1477537308756877315
1478129385307729920
1478504258148257794
1481042736610689024
1481283122884923398
1483171582507954182
1483460030762471436
1483806684543860738
1484021742511210497
1484236520672444421
1485373731963039744
1486524981177720833
1486792040792924161
1488920061129764867
1489766391225933826
1490894441862742017
1491175929519144960
1491239499476910080
1491429236422627332
1491569547203293188
1492258983914188808
1496312820731949059
1498980877296099338
1499252752605585413
1499341576518217730
1499500654133452803
1500140734468395011
1501268580935028738
1503668343152074752
1505222469652787203
1508160045820829698
1508287851406016513
1509371311222452226
1509618311155363840
1509629653044154372
1510698419089772555
1510772913120677899
1511864029437902852
1511898681875783687
1512303119773802503
1513276477562888194
1513519439509082126
1513555761699299328
1513682405739094018
1513686397089107980
1513724325873868806
1514660173142368260
1515409114855358475
1516036609174654977
1516081266441003015
1516402495995719690
1516425582954917891
1516426656491216905
1516864412962885633
1517858108743340032
1517946752309080073
1520127653323313153
1520395288770318337
1521566347125211136
1521589951695147012
1521899642631380997
1522221217612132354
1522509469707612160
1522705352806047745
1522993091409768448
1524125063267897344
1524399397815083010
1526740335451418626
1526857627611074560
1527842813316153345
1529117214636396547
1529807426786041858
1530982739607953410
1531750018100695041
1533569440503111681
1533840888996286465
1534239013871095808
1535397883842703360
1536893216615694338
1536936843945590784
1537208767250460672
1539637101188091904
1539821761415417856
1540489314123087872
1542256075038138368
1542366005933924352
1542545127658250240
1542700263680741377
1542959084680253442
1543039645012869123
1543400860524466181
1543804298215268358
1544047752488751104
1545176475443367938
1545390264537083904
1545470192205037569
1546003206618103810
1546285435156037635
1546331025101492224
1546611438650793985
1546626633054015490
1548293662420848641
1551357476758487040
1551622048702668803
1552723820821225472
1553616443668848642
1554284685609631747
1555205338214850563
1555226972195721217
15576151669870592
1558127807309303808
1558504209070391297
1559315846433910786
1560642717582905344
1562535568981954560
1562674319884292096
1563605900278972418
1564987611445338112
1565005591663230977
1565512354493857802
1565781474288214016
1567904815568814080
1569020491108597763
1569126168787566592
1569447391664775169
1569727675333492740
1569768600172646400
1570042112347099137
1570924682106503168
1571214337762795520
1571229671685238784
1576007008264007681
1576914552205496321
1577109603170471936
1577711613070790738
1577713723162054657
1577834081034784768
1577870037683240969
1579485068799930368
1580256851475959808
1580582126797619203
1580647787464560640
1582895268717940736
1583277460027678722
1583387554354958336
1585804925103091712
1586370485146689536
1586486009000140801
1586776283710717953
1587967238497337345
1587975337367015428
1588237959236653057
1588292974785761280
1588345653611986944
1588739470601654272
1588895660262428672
1591306825655517184
1592580455899201541
1593648716992299010
1596269067719299072
1596981098512515072
1597171130108108807
1597230863745716225
1597232032588783616
1597255118587822080
1597410363242295296
1598513757805858820
1598865363017805825
1598871443105673216
1599428757428658176
1602428890294648832
1607054472945205250
1607134763315339266
1609751283119935490
1613566112888659974
1614036417457577985
1615030448274706433
1623163539803316224
1625522838458494977
1626967430370299908
1627756837973143553
1627862056698347520
1628815776168673281
1630377937923985408
1630397947761528834
1633638148977704962
1638163185046892545
1639409818334294016
1646517950747381762
1649049178767777798
1653553520627335171
1655097905399693312
1655567526347063298
165631372327784448
1656384398906777603
1661983066355580929
1666125851640074240
1672344468463271937
1674071335234949120
1678524780230656000
1679601346750689283
1680793340642746370
1689003969899630592
1693284404922114509
1704987226902245615
1707217656254714342
1713359687431663701
171450835388203008
194552615672102912
19970390110
200413753290924032
205052027259195393
212767135901024256
213849618415484929
218439593240956928
236855826340532224
247222360309121024
248065287541366784
2554608773
258262904091058176
258640349872926720
264786332725956608
26802158502416384
269367619931500544
289148349003730947
293454323403350019
303090219811479552
305088281966698496
306573778719240192
308104521538740224
329292717735686144
3435123096
349537131628212224
35767743634481152
367689548266209281
368542088897372161
369516678511484928
372490479696220161
384408932061417472
385084302897057792
388859485974171649
389972441126035456
391611930865303552
403359911481839617
411281851131523072
41352422525767680
418105548845121536
433683609867022337
438886443927502848
443120166482612224
443430834117558272
445293618475966464
463333915739316224
465645553271861248
473127276653985792
473265809079693312
474566121643712512
480709395706179584
486930173498241025
489101252844736513
490356269962637312
490637159703932928
492741034749620224
499613096697413632
499692323630886912
505221400148197376
50925812135899137
512013757367980032
515243252199342080
516382177798680576
524686327233921025
528264854906621952
532068919616368640
538257725466365952
539714048246697986
540422155264335872
545481878523088896
545789616738287616
552111533787205632
553666189667610624
553703519229071360
5596520
559811589357187074
560567494847766528
563138952123920384
563769140130086912
564839950521090048
566775887681441792
567851453114503168
570589112652201984
572901684617322496
573191831363686400
574308651231375360
574985539276959744
575157956104204288
575781816491098112
576925648104464384
578044824462356481
579150849181507584
579484417820766208
579505237637107712
580455180916912129
581955225235292160
585859882869469184
585949245229760512
586296714035908610
587387874493857792
587762201605177344
591441444818190336
592532872625434627
594156562828001283
596017781499240448
596055500107739138
596096575887147008
596557764924547073
597222233036173312
597401504090345472
597938447601377281
598140509211774976
598166106369564672
598204691374280704
599285047783469056
600340091689684992
600526639802490881
601730628195885056
601794594318196736
602571404861636608
603384079044759552
604761050857095168
607393691024506880
608300696073576448
610842664397877249
611019852497743872
611203581123936257
611755620534870016
611897837232779264
613118181109035009
613455523309031424
613741423830020097
616350667892989952
618271941036642304
618516660148776960
618920196892327936
619221725859983360
621105496280432640
621563442277715969
622124738744348672
624254625374302208
625080669027237888
625292396000071680
625543710147801088
626116848489205760
626402087233040384
626622583371202560
628354394673643520
628429562154758144
628522851201486848
628670412403007490
630824369581891584
633769883667431424
634846169932386304
635230113177579521
635550070763487232
636094419339493376
6378280602
638466040045830145
638798808688758784
638920412953313280
640009335138086913
640244241822826496
640949325074333696
641308760795934720
641691747270172673
641814603538677760
642475424241463296
643452512628969472
643574736384098304
644668333200027648
644981272658382848
645720815611211776
646301750346010624
646504583502655488
648883036163993604
64889433505284096
649387028153413632
649473426294489088
649575258123579392
650353022200057856
650502306782285824
650773591760310272
651579335875366912
652602408456093696
652821378152837120
654117070485983232
654461175753674752
654934442549620736
655667757711794176
656155281026625536
656287007233155073
656965525134835712
658380006960287744
659068672401518592
659236511565639680
659761151459225600
660644922744262656
661301784019935232
661733250608574464
662790328999682048
663335941210292224
664796674699718656
667743807656632320
667768644491980800
670652512257630209
670963270317154304
671106116768555008
672509355456090112
675806988572319744
676423039513329664
681246826746523649
684515262712967170
684758412953964544
686663474676502528
687762219484884993
688157036752678913
689135584569233409
689942070568550401
689961243214479362
690386333446082560
692008072470884352
692446206111399936
692918396963438592
693085454720114688
694994701674532864
695649080282902528
695734288252342272
695763561960730624
695772559002959872
697496675720495105
704335506365095937
705845299672014848
708384759479558144
708849785596416000
711756445717495808
712884145324601344
713932677720592385
714501409379581952
714835753138696192
715231232242507777
716069776129306628
716620279959695360
718167017509916672
718889068365488128
719378070461767682
719648692404359168
719983895043829760
721132395798360064
721180907252682752
722565868719177729
726216861671559170
727604522156228608
729825715366051841
729852807809880065
729914225426997248
731680150459432960
732675903835103233
733431319330312193
733742194436276224
734898469148762112
735306055073206272
735558012933394433
737339341345804288
737487730142154752
738618427909111808
738751021879558144
738756344979808256
738809253515923456
740237965197115393
740272258791309312
740276899994308613
740679207064342528
740973710593654784
741904787361300481
741923072719085568
742079953823510528
743899964376420353
744721367547842560
744736706721628160
745288603291508736
745824533622337536
746032197342232576
746431687580491776
746803108949409793
746890933904375808
748248455865376768
748582543583121408
748711242831888384
750517615651540992
750708361595846656
751542778753081344
753482686648295424
754811607188766720
755054091139633152
755266200247099392
755511596047298564
756561607631568896
756640481476382720
760667825082015744
763733803500236800
764702682539896832
766347309248417793
766424771580002304
766649126092206081
766656527302295556
768179529487712256
768286842991022080
768852936860569600
771422577118089216
771463229495271428
771814692864028672
771992925727100932
772899203609726976
773338613270605825
773768496924635136
774855950070972417
776204140569513984
777222991503433728
779164690576347136
779609435731877888
781156872
781475146083213312
782349934691581953
782520849815470080
782754055806341121
786344220978139136
787799268342001665
788918264512466944
791034411953315840
791272315363483648
791601056522334208
792589168991997955
792757734072520705
794659585885958144
795362873396654080
797249045270003712
798393636442558470
798690836187938816
799088750529748992
800823370480644096
801170075516596225
801579893112782848
805421890168913920
805822252918984704
807425581096796164
808095288644734976
808481890738896896
808783680353116160
808862436648329216
808868797490696192
811205287646400512
811265565054685186
811403862234071040
811761575748980736
812434888888635392
812460432355037185
812643007203659776
813254620466188288
814516607787630592
816278466677145600
816880793788223488
817053630784294913
817122034996101124
817446287599489024
817457217372848128
818871248432361473
818938867415969793
821471790035677184
821606828006055936
821718426037194757
823286330146713600
823848392027701249
823942113838542848
824002958731972609
826124303175471105
828025127468167169
829012482945597442
829097929080123392
829404603493949440
829500883998228480
831011010643316736
831541951686078465
831586851127455749
831805955402776576
833020025929924608
833417230591234049
833553403552768001
833715622060163072
833857935168110592
837005713398431744
839789732167053312
839978073952927745
841892608788041732
842089429359505408
842486671849459712
849406960667508736
849668254360629248
850103130486439938
850264603065950212
850385985623949313
851803292652814336
852197034924929034
852917524073242626
852949235981012994
853269692659761156
855118485386481664
855265438569304064
857268898508541955
857672300560134144
859452839554420736
859526631647576064
859588377917652995
860199590599020544
861808496098127873
862750126523265026
863079164848488448
865568477733675008
865701296002564096
865909530437099524
867058810770210817
867107810529742849
867111752433102849
867348385719885824
867359569512681472
867390080268156928
868278574033379328
868480353773780993
868856787163901952
870360638853443586
870371718128205824
870684285946150912
870684729883860994
874667610763214848
874731026605637632
874747648128843776
874824426545709056
875059797716086784
875702564406349826
877412303209021440
878762071516741632
880512544934432768
880637097165697026
880780466634326017
880820080032063489
881191238346702848
881537750402576384
883873278892195845
885598368566607872
885962148794454016
886075809751982081
886239657478029312
886252423119032320
887164239202340864
887328459105722368
887556628576296960
887662967281643520
887725098781646848
887751302662373376
888123827615449088
889813190577672193
890067258877378561
890413508063580161
890646479110496257
891445109929246720
891729212586852352
891857975492698115
891976643962687489
892106042548654087
892392732223787009
892487830106198017
892496210635837441
892510512478527489
896370068690526212
897072082625986561
897114876065308675
897172785776148480
897186867162095617
897236522210078720
898280833299230722
901071559015661568
902377872060555264
902617197515640832
903040773985316864
903492157205430272
904053901741174784
905216839919198208
905248145873010688
905985330960101377
907035995438305286
907335295686905858
907463392998412288
908013131795857408
908359858495176704
908470596639559680
908535046700720128
908613600092327941
908734944389758976
908783996838055936
908787842054098944
910656592185626624
911610455877021697
911955635448590341
912324257794928640
912793402382573568
912876968055521280
913080569419853825
913097176074657797
913135112774209539
913641882164412417
915418584783958016
916034123562598400
917292905357864960
917413542583824384
917418758838288384
917420823639498752
917489625345646592
918099720106659840
918127285387059201
919519501569413120
920510554669797376
920641642226270208
920828941304287232
920934230099623936
921024621616549888
921103567771131904
921883446229774340
922210108280623112
922486295611371526
922492350353543168
922955338369810432
922988023817543680
923013276245610496
923040162233294849
924494892700614656
926115745452437505
926822260547117056
926851623187566592
927589662708953090
927596073929068544
927648342359887873
928029234001428480
928801609420853249
928829368406892544
928964726817615873
929041541141794816
929074256096448512
929862019234324481
930925926975619072
931264630407794690
931632953062391808
932523808011022336
932660162174709760
932830369555955712
933002294752407553
933010280967294977
933414031158906880
933459486513225728
933547439373635584
933572488440803329
936282110905716737
936640184556445697
936978899526963200
937021290115936257
937701875104780288
937762751522451462
938365310150701057
938483705747664896
938965027159248896
939117861271982081
939166551709765633
939276932880977920
940006885914300416
941063865214828544
941075338708140032
941440366389202946
941846935014727681
942106432375201792
942147579873284096
942539239912337411
942624893509820416
942797795366506496
943188943977238528
943371383643496449
943951631967817728
944662386820222977
944741552005492737
944799454753906688
944802406197616640
945028985595092994
945817914380292097
946899206966521856
947159189029310464
947233718258696192
947249815972442118
947312755605782528
947750858032369669
948196558344019969
949431055567736833
949683108290486273
950459321879597061
950617537321910278
952794837773946880
953120812768382976
953133444820848640
953379611928420358
953392321525141504
953430272808292352
953495819872882690
954012442232844288
954047187738025984
954202639146786816
955506086647402496
955643591489146881
956187819302637568
956239749009862656
956267839622668288
957444430855745537
959707139366244352
959884889410691072
960618512568999936
961320939655966720
961680274303074304
961699584182386688
961730931349483521
962733158042161152
964743243731673088
964769441128046592
965428890830344193
965816492221747200
965933477899091968
966071877180579841
966418484086403074
966599333775794176
966737363702460416
967409477216546816
968597116372140032
970743214943756289
971109445492232192
971132312984399873
971305860935962625
971456108895391745
971485093733765123
972213080196337664
972524442600558594
972600608879529984
973018129923223556
973670575125262337
973684018335031296
975058606549807106
975189465886052352
975199875137761281
975488696530202625
975495108312338432
975497709548314624
975507648316563457
976544347448664065
976545648391553024
976556065100738560
976591094723964928
976593184661782528
976606164539633664
976660402653319169
976662154479742976
976768705576230912
976785358208798721
976855475525505026
976883644735344640
977213958405939202
977237140298854401
977331503083397121
977388392672620545
977609545186004993
978645788858507266
978667487536566273
978683141140475905
978729859361923072
978730051855200256
978868907711848448
979146559672680449
979163770168709120
979763149510344705
980034600666767360
980467915911778305
980550236107091968
980899446316830722
981145243138560000
981184202992336896
981364171693490181
982319992933961729
984929590341718017
985179134677598208
985266194960867330
985364486315040768
986680837012934657
987483501145591808
987559976561328128
988083896767180800
988419665570430976
988467567730855942
988545091001339906
988823949541892096
989557736131018753
989705240235692034
989720916186644480
989957288373858309
989991482873397249
990062822007754753
990930728098689024
991005177971990528
991299582930882560
991338839414333440
991472289991409664
991548385046990848
991672651209994240
991771308034736128
991880477064736768
992416691480035329
993859556534116353
993897183924637696
994283745262747648
994300158467825668
995015426605178880
995585847003987968
995627896541732869
995748431162306560
996003715344715777
996067309138493441
996198724723527680
996494614176542720
996745872275886081
997441647498612737
998052182762053632
999149383038971904
999377840461303814
999393166301245440
999719628694749184
999788723700191232